423
480
856
1046
1709
1910
2355
2389
2576
3891
4018
5244
6993
7103
7534
7571
8794
9079
13662
13927
14576
15121
16951
17174
17511
19462
19675
19690
19713
21686
25930
26108
27322
28732
28955
29025
31290
31465
32579
33869
33917
34885
35142
35273
35291
35538
35562
36321
36894
37767
38539
39611
39695
42380
43775
44546
44830
45831
46649
47216
48161
48494
48735
49852
50167
50210
50319
50693
51531
51551
51653
52080
52333
52341
52611
53466
53528
53629
54193
55035
55041
55047
55057
55095
55127
55268
55397
56265
57101
57253
58423
58664
59781
60480
60505
60552
60753
64911
65033
65579
65875
65977
67089
67678
67904
68450
70926
73464
73867
73923
74541
74829
75548
75965
75980
76022
76332
76362
76664
78097
78581
79117
82123
83561
83822
85111
85371
85938
86150
89051
90878
95244
95393
98354
98538
98985
99065
100559
102971
104085
104614
104658
106307
107745
110095
110109
111232
112197
112945
113057
114076
115578
115619
116482
117492
117748
119561
120912
122298
122545
123325
126956
127667
128253
128304
129570
130634
131644
132012
132049
132645
132916
133890
134250
136751
138818
140993
141310
141459
143652
144383
144444
144736
145977
146148
146805
147938
148320
148896
150305
150507
150700
150785
150817
151042
152065
152556
152562
152713
153910
153982
154543
154607
154893
155166
156146
157498
157977
159215
160718
161750
162655
163483
163492
163578
163778
165150
165180
166851
166915
167053
169356
169499
169636
171744
172054
172334
172356
172392
174158
174378
175015
175038
175265
175358
178496
179784
180401
181828
182243
182674
183187
183500
183743
184438
184646
184701
185633
186169
186512
186734
187395
189915
191363
191765
193918
194858
195006
195270
195464
195683
196411
196493
196824
198603
200545
200709
202067
202530
202671
203555
204175
205566
205823
206084
206907
207384
208541
208798
209272
209893
209950
210848
211086
211171
211740
212867
212912
213253
214578
215159
216325
216742
217108
217615
218579
218909
219313
221835
222107
223139
224069
224479
224528
224983
226232
227189
227696
228331
229353
229564
230469
230602
234587
234685
235518
235825
238050
239748
240098
244939
246605
247262
248183
249173
250047
250827
251124
251453
252045
252099
252907
253820
255100
255275
255949
256877
257737
258894
258948
260770
260828
261237
262360
262604
262718
263665
264359
264483
264647
265026
265344
266993
267195
267422
267503
267749
268083
269137
269274
269615
270714
271143
272076
272616
272926
273164
273294
273605
273755
273776
274423
274760
277430
278418
279341
279378
281084
281783
281986
282048
282642
282685
283316
283780
283969
284958
286789
287139
289891
290628
292627
294304
294857
296577
296709
297841
298332
298513
298608
299765
300359
300452
300940
301532
302178
302345
302934
303031
304539
306402
306877
307324
307983
308232
308249
309603
310284
310483
310617
312024
312225
312327
312437
312766
313580
313981
314719
316085
316322
316353
316407
316677
318078
318150
319465
319851
319979
320457
320852
323021
323882
326126
326279
327002
328919
329338
330215
331937
332802
334247
334539
337057
338822
339612
340730
341686
343125
343178
343728
344077
344324
345925
346000
346908
347516
350018
351532
354230
354926
356511
358240
358602
358939
359177
359233
359427
359912
359987
362622
363499
363868
364579
366140
371101
371447
372710
372762
374065
374222
374905
377079
379399
379756
379912
380306
380467
380653
380806
380936
380944
381180
381219
381264
382119
382177
382499
382591
382677
382937
383459
383475
384216
384667
384814
385199
385694
386021
386894
387341
387717
388144
389128
389177
390347
390999
393977
394149
395153
396440
396685
398149
399466
399560
399807
400341
400409
400550
401275
401280
401705
401787
402321
403101
403819
405352
406750
408531
408595
408639
410330
410978
411382
413601
414098
414601
415389
416890
417540
420196
421307
422290
424168
424823
424928
425399
428633
429277
430096
430358
430763
430902
432172
432507
432672
434240
434312
436041
436747
437206
438157
438335
438483
438710
438914
439299
441481
441891
442621
442705
444976
447044
450018
450786
450874
452318
453415
454456
455041
455131
457179
457482
458723
458969
461604
462085
465473
467469
470879
473941
474269
475239
480237
481272
483083
484186
485208
485490
485554
485871
486008
489331
490947
491881
492139
494482
495338
495784
496438
497038
498282
498315
498503
499308
499527
500679
501255
502122
503144
503488
509001
509033
509109
509949
510928
511186
514020
515169
515851
515888
518266
518795
519913
520205
522579
522886
523860
524902
524915
527315
527459
528502
530176
531278
531604
531657
531881
532464
532691
537008
538027
538364
539378
539874
540188
540522
540593
541899
541913
542021
542306
542816
544075
545247
545447
545883
546513
546871
547234
547709
548640
548786
549316
549591
549678
549773
551754
552090
552180
554082
559319
565244
566022
567763
569426
569977
574337
574683
574714
578035
580737
581746
582441
582691
583485
584603
587277
588553
588951
590730
591713
592921
593030
593146
593211
593258
595195
595888
596942
597474
598187
599088
599107
599548
599621
600041
600421
600469
600665
601267
601617
601876
601895
602349
602657
604516
604661
605301
605426
605629
606016
606285
606307
609276
609498
610393
610445
610759
613860
614364
615293
618650
620097
620400
622390
624318
628512
629346
629821
631959
632679
632868
633804
634131
634710
635506
636178
636792
637607
638131
638136
641298
642178
643432
643631
644578
644875
646182
646357
648043
648454
648516
651413
651649
652690
653979
655295
655543
655606
658933
664331
665886
666163
666409
671101
671915
672922
673294
674021
674254
675945
677509
677788
678719
678978
681339
681865
682210
682857
683044
683582
683911
684537
685142
686093
687938
688474
688597
688628
690006
690775
690906
691239
691658
692982
693308
694014
695102
697423
697469
697505
699229
699459
700084
700162
701107
701461
703267
704596
705540
706148
707218
708895
709145
709774
710981
711261
712098
712172
712526
712764
713381
713998
714089
714265
716158
717281
717529
718237
718734
718954
720175
720671
721476
721565
721823
722743
724371
725462
725501
726206
727878
728474
728953
729332
729410
730997
731107
731339
731434
734614
735191
735267
737393
737576
740388
741244
741271
741503
743180
744571
746144
750177
751924
754554
756274
756970
757151
758556
759654
760904
760987
763425
765695
768683
768735
768856
770836
771133
771603
771698
774509
775055
775971
781719
782505
782768
782880
783511
784537
785275
785951
786335
786392
787383
788409
789120
789408
789967
790218
790252
790511
790814
791310
792093
792198
794032
794749
796145
797259
797813
798702
799221
799257
799875
800117
800539
800818
801948
802109
802416
803807
803911
803916
806719
807271
807613
808679
808866
809788
811842
813615
816023
816413
816719
817401
817966
818845
819186
819493
820098
821109
821697
821798
822468
823822
824427
825319
825545
826656
827285
828124
829281
829402
831175
832993
833552
836249
837171
838859
839494
842423
843114
843596
844078
844547
844896
845111
845239
845958
847174
847627
848093
849145
849539
849551
851842
852063
852217
852885
852891
853255
855709
856762
857910
858106
858358
858861
859054
859397
861197
861357
861443
861472
861569
862262
862266
862550
863184
865892
868745
870816
872067
872813
873332
875147
877939
879942
881402
881837
883054
883568
885247
885455
886283
886968
889600
889697
889804
889812
889828
889892
890148
890859
891173
891717
893965
894511
895353
896441
898498
899126
899996
900025
901332
903296
903694
903828
903864
903903
904158
904616
904714
905041
905118
905279
905289
905331
905344
905635
905665
905870
906225
907101
908052
908192
908286
908985
909544
910163
910216
910934
911503
912539
914040
914232
915079
916007
916116
916658
917109
917207
917864
918114
918487
920002
920440
920474
921502
921564
922317
923073
923134
923226
923474
925054
925464
926210
927199
928043
928784
930373
931104
932711
932770
933479
934783
934944
935035
935629
936473
937300
937703
938427
938530
940012
940416
942378
942926
943207
944100
944985
945445
945718
945944
946163
946650
947393
947704
948360
948626
948655
949860
950357
950556
950796
953872
955260
955461
956067
956368
956861
957137
957762
958577
959130
960830
960880
963223
963393
963695
963742
964198
964516
964853
965328
966182
966770
966801
966973
967809
967943
968196
969535
970182
970194
971014
971915
972009
972208
972312
972412
972644
972783
972930
973107
973848
975235
975383
975456
975593
976321
977036
977252
977900
978324
979477
982682
985306
986788
987698
988040
988887
990656
992276
993817
994241
994560
994691
995580
996178
997097
997611
997629
997813
997971
999412
